Start,End,Size,Class,AVG_GClevel,STDDEV_GClevel
1,9411193,9411193,gap,,
9411194,9595548,184355,L2,37.488076,1.366238
9595549,9645548,50000,gap,,
9645549,9775437,129889,L2,39.379518,5.352066
9775438,9825437,50000,gap,,
9825438,10034920,209483,H1,41.889945,4.183834
10034921,10084920,50000,gap,,
10084921,10215976,131056,L2,40.070044,1.624994
10215977,10365976,150000,gap,,
10365977,10647896,281920,L1,36.393938,4.664654
10647897,10697896,50000,gap,,
10697897,11188129,490233,L2,39.913804,2.463517
11188130,14338129,3150000,gap,,
14338130,14538129,200000,L2,37.586500,0.649831
14538130,14738129,200000,L1,36.564000,0.253144
14738130,15038129,300000,L2,38.111333,0.943912
15038130,15538129,500000,H1,42.319000,1.320863
15538130,16138129,600000,L1,36.424667,0.252259
16138130,17138129,1000000,L2,37.774400,0.682135
17138130,18438129,1300000,L1,35.511769,0.706618
18438130,19438129,1000000,L2,39.357900,1.730781
19438130,25138129,5700000,L1,34.984509,0.903402
25138130,25338129,200000,L2,37.488000,0.117380
25338130,26738129,1400000,L1,35.413571,0.848738
26738130,28438129,1700000,L2,38.777471,1.301814
28438130,29738129,1300000,L1,36.164538,0.567837
29738130,31338129,1600000,L2,38.861625,1.238922
31338130,32138129,800000,L1,36.546500,0.612499
32138130,32438129,300000,L2,38.939000,1.581356
32438130,34338129,1900000,H1,43.555526,2.260786
34338130,34538129,200000,H2,46.513500,0.480126
34538130,34938129,400000,H1,43.963000,1.401719
34938130,35138129,200000,L2,40.456500,0.586192
35138130,36438129,1300000,H1,43.816077,1.157935
36438130,37038129,600000,L2,40.371500,0.493853
37038130,37538129,500000,H1,43.097000,1.888024
37538130,37938129,400000,H2,46.277250,1.134471
37938130,39438129,1500000,H1,43.220133,2.620602
39438130,39638129,200000,L2,40.576500,0.562150
39638130,40338129,700000,H1,42.937429,1.520598
40338130,40538129,200000,H2,46.284000,1.131371
40538130,41638129,1100000,H1,42.509818,1.833743
41638130,42138129,500000,L2,39.913000,0.723310
42138130,42738129,600000,H1,43.435667,2.072102
42738130,42955559,217430,H2,46.778336,1.788320
42955560,43005559,50000,gap,,
43005560,44632664,1627105,H2,49.736674,1.177669
44632665,44682664,50000,gap,,
44682665,44882664,200000,H3,56.678500,1.205617
44882665,45082664,200000,H2,46.340500,3.551797
45082665,45282664,200000,H3,53.244000,1.019648
45282665,45582664,300000,H2,50.976667,2.137232
45582665,45882664,300000,H3,56.079000,2.044769
45882665,46282664,400000,H2,50.407000,1.481850
46282665,46482664,200000,H3,55.774000,0.340825
46482665,46682664,200000,H2,46.168000,1.607961
46682665,46982664,300000,H3,56.978667,2.125527
46982665,47882664,900000,H2,50.585556,4.271318
47882665,48119895,237231,H1,43.893527,0.423742
48119896,48129895,10000,gap,,
