Start,End,Size,Class,GClevel
1,9411193,9411193,gap,
9411194,9511193,100000,L1,36.522000
9511194,9595548,84355,L2,38.454152
9595549,9645548,50000,gap,
9645549,9745548,100000,H1,43.164000
9745549,9775437,29889,L1,35.595035
9775438,9825437,50000,gap,
9825438,9925437,100000,H2,46.594000
9925438,10025437,100000,L2,40.491000
10025438,10034920,9483,L2,38.584836
10034921,10084920,50000,gap,
10084921,10184920,100000,L2,38.921000
10184921,10215976,31056,H1,41.219088
10215977,10365976,150000,gap,
10365977,10465976,100000,L1,34.137000
10465977,10565976,100000,L1,33.287000
10565977,10647896,81920,H1,41.757813
10647897,10697896,50000,gap,
10697897,10797896,100000,L2,38.438000
10797897,10897896,100000,L2,40.600000
10897897,10997896,100000,L2,39.394000
10997897,11097896,100000,L2,37.367000
11097897,11188129,90233,H1,43.770018
11188130,14338129,3150000,gap,
14338130,14438129,100000,L2,38.046000
14438130,14538129,100000,L2,37.127000
14538130,14638129,100000,L1,36.385000
14638130,14738129,100000,L1,36.743000
14738130,14838129,100000,L2,39.088000
14838130,14938129,100000,L2,37.204000
14938130,15038129,100000,L2,38.042000
15038130,15138129,100000,H1,42.861000
15138130,15238129,100000,H1,42.358000
15238130,15338129,100000,H1,41.644000
15338130,15438129,100000,H1,44.130000
15438130,15538129,100000,L2,40.602000
15538130,15638129,100000,L1,36.043000
15638130,15738129,100000,L1,36.459000
15738130,15838129,100000,L1,36.311000
15838130,15938129,100000,L1,36.485000
15938130,16038129,100000,L1,36.432000
16038130,16138129,100000,L1,36.818000
16138130,16238129,100000,L2,37.301000
16238130,16338129,100000,L2,38.211000
16338130,16438129,100000,L1,36.666000
16438130,16538129,100000,L2,38.230000
16538130,16638129,100000,L2,39.015000
16638130,16738129,100000,L2,37.542000
16738130,16838129,100000,L2,38.055000
16838130,16938129,100000,L2,37.456000
16938130,17038129,100000,L2,37.122000
17038130,17138129,100000,L2,38.146000
17138130,17238129,100000,L1,34.551000
17238130,17338129,100000,L1,36.187000
17338130,17438129,100000,L1,36.407000
17438130,17538129,100000,L1,35.987000
17538130,17638129,100000,L1,35.360000
17638130,17738129,100000,L1,34.261000
17738130,17838129,100000,L1,35.775000
17838130,17938129,100000,L1,35.054000
17938130,18038129,100000,L1,35.410000
18038130,18138129,100000,L1,35.789000
18138130,18238129,100000,L1,35.188000
18238130,18338129,100000,L1,36.651000
18338130,18438129,100000,L1,35.033000
18438130,18538129,100000,L2,38.315000
18538130,18638129,100000,L1,36.770000
18638130,18738129,100000,L2,39.886000
18738130,18838129,100000,H1,41.121000
18838130,18938129,100000,H1,41.664000
18938130,19038129,100000,L2,38.877000
19038130,19138129,100000,H1,41.800000
19138130,19238129,100000,L2,38.595000
19238130,19338129,100000,L2,39.097000
19338130,19438129,100000,L2,37.454000
19438130,19538129,100000,L1,36.986000
19538130,19638129,100000,L1,35.409000
19638130,19738129,100000,L1,35.376000
19738130,19838129,100000,L1,35.256000
19838130,19938129,100000,L1,34.494000
19938130,20038129,100000,L1,35.069000
20038130,20138129,100000,L1,36.325000
20138130,20238129,100000,L1,35.557000
20238130,20338129,100000,L1,35.415000
20338130,20438129,100000,L1,35.011000
20438130,20538129,100000,L1,36.236000
20538130,20638129,100000,L1,34.736000
20638130,20738129,100000,L1,33.620000
20738130,20838129,100000,L1,34.282000
20838130,20938129,100000,L1,36.666000
20938130,21038129,100000,L1,33.722000
21038130,21138129,100000,L1,34.849000
21138130,21238129,100000,L1,34.490000
21238130,21338129,100000,L1,34.308000
21338130,21438129,100000,L1,36.085000
21438130,21538129,100000,L1,34.773000
21538130,21638129,100000,L1,34.833000
21638130,21738129,100000,L1,33.935000
21738130,21838129,100000,L1,36.197000
21838130,21938129,100000,L1,35.441000
21938130,22038129,100000,L1,34.981000
22038130,22138129,100000,L1,35.872000
22138130,22238129,100000,L1,36.379000
22238130,22338129,100000,L1,35.208000
22338130,22438129,100000,L1,36.036000
22438130,22538129,100000,L1,34.347000
22538130,22638129,100000,L1,34.581000
22638130,22738129,100000,L1,33.711000
22738130,22838129,100000,L1,34.357000
22838130,22938129,100000,L1,32.587000
22938130,23038129,100000,L1,35.643000
23038130,23138129,100000,L1,34.888000
23138130,23238129,100000,L1,35.087000
23238130,23338129,100000,L1,35.788000
23338130,23438129,100000,L1,35.618000
23438130,23538129,100000,L1,34.936000
23538130,23638129,100000,L1,33.396000
23638130,23738129,100000,L1,36.118000
23738130,23838129,100000,L1,34.017000
23838130,23938129,100000,L1,35.352000
23938130,24038129,100000,L1,34.896000
24038130,24138129,100000,L1,35.648000
24138130,24238129,100000,L1,34.788000
24238130,24338129,100000,L1,34.884000
24338130,24438129,100000,L1,34.988000
24438130,24538129,100000,L1,33.751000
24538130,24638129,100000,L1,33.353000
24638130,24738129,100000,L1,34.756000
24738130,24838129,100000,L1,34.402000
24838130,24938129,100000,L1,34.304000
24938130,25038129,100000,L1,34.372000
25038130,25138129,100000,L1,36.002000
25138130,25238129,100000,L2,37.405000
25238130,25338129,100000,L2,37.571000
25338130,25438129,100000,L1,36.506000
25438130,25538129,100000,L1,34.066000
25538130,25638129,100000,L1,34.410000
25638130,25738129,100000,L1,34.680000
25738130,25838129,100000,L1,34.600000
25838130,25938129,100000,L1,35.058000
25938130,26038129,100000,L1,35.543000
26038130,26138129,100000,L1,34.627000
26138130,26238129,100000,L1,35.677000
26238130,26338129,100000,L1,35.637000
26338130,26438129,100000,L1,36.732000
26438130,26538129,100000,L1,36.361000
26538130,26638129,100000,L1,36.124000
26638130,26738129,100000,L1,35.769000
26738130,26838129,100000,L2,37.981000
26838130,26938129,100000,L2,38.481000
26938130,27038129,100000,L2,39.065000
27038130,27138129,100000,L2,39.402000
27138130,27238129,100000,L2,40.354000
27238130,27338129,100000,L2,40.831000
27338130,27438129,100000,L2,39.606000
27438130,27538129,100000,L2,38.719000
27538130,27638129,100000,H1,41.058000
27638130,27738129,100000,L2,37.635000
27738130,27838129,100000,L2,39.801000
27838130,27938129,100000,L2,37.179000
27938130,28038129,100000,L1,36.567000
28038130,28138129,100000,L2,38.594000
28138130,28238129,100000,L2,38.994000
28238130,28338129,100000,L2,37.302000
28338130,28438129,100000,L2,37.648000
28438130,28538129,100000,L1,36.911000
28538130,28638129,100000,L1,35.151000
28638130,28738129,100000,L1,35.477000
28738130,28838129,100000,L1,36.979000
28838130,28938129,100000,L1,35.744000
28938130,29038129,100000,L1,35.654000
29038130,29138129,100000,L1,36.204000
29138130,29238129,100000,L1,36.605000
29238130,29338129,100000,L1,36.329000
29338130,29438129,100000,L1,36.607000
29438130,29538129,100000,L1,36.265000
29538130,29638129,100000,L1,35.735000
29638130,29738129,100000,L1,36.478000
29738130,29838129,100000,L2,37.292000
29838130,29938129,100000,L2,37.584000
29938130,30038129,100000,L2,37.779000
30038130,30138129,100000,L2,39.288000
30138130,30238129,100000,L2,39.356000
30238130,30338129,100000,L2,37.562000
30338130,30438129,100000,L2,40.630000
30438130,30538129,100000,L2,40.852000
30538130,30638129,100000,L2,39.270000
30638130,30738129,100000,L2,40.145000
30738130,30838129,100000,L2,39.691000
30838130,30938129,100000,L2,40.175000
30938130,31038129,100000,L2,38.576000
31038130,31138129,100000,L2,38.585000
31138130,31238129,100000,L2,37.981000
31238130,31338129,100000,L2,37.020000
31338130,31438129,100000,L1,36.283000
31438130,31538129,100000,L1,37.000000
31538130,31638129,100000,L1,36.931000
31638130,31738129,100000,L1,36.675000
31738130,31838129,100000,L2,37.346000
31838130,31938129,100000,L1,35.318000
31938130,32038129,100000,L1,36.428000
32038130,32138129,100000,L1,36.391000
32138130,32238129,100000,L2,37.442000
32238130,32338129,100000,L2,38.782000
32338130,32438129,100000,L2,40.593000
32438130,32538129,100000,H1,42.223000
32538130,32638129,100000,H1,42.479000
32638130,32738129,100000,H1,43.192000
32738130,32838129,100000,H1,44.254000
32838130,32938129,100000,H2,46.572000
32938130,33038129,100000,H1,45.511000
33038130,33138129,100000,L2,39.828000
33138130,33238129,100000,H1,43.008000
33238130,33338129,100000,H2,46.138000
33338130,33438129,100000,H1,45.421000
33438130,33538129,100000,H1,43.400000
33538130,33638129,100000,H1,42.460000
33638130,33738129,100000,H1,45.788000
33738130,33838129,100000,H1,45.838000
33838130,33938129,100000,H1,45.112000
33938130,34038129,100000,H1,43.759000
34038130,34138129,100000,L2,37.682000
34138130,34238129,100000,H1,42.037000
34238130,34338129,100000,H1,42.853000
34338130,34438129,100000,H2,46.853000
34438130,34538129,100000,H2,46.174000
34538130,34638129,100000,H1,43.716000
34638130,34738129,100000,H1,43.344000
34738130,34838129,100000,H1,45.989000
34838130,34938129,100000,H1,42.803000
34938130,35038129,100000,L2,40.871000
35038130,35138129,100000,L2,40.042000
35138130,35238129,100000,H1,43.125000
35238130,35338129,100000,H1,44.615000
35338130,35438129,100000,H1,43.967000
35438130,35538129,100000,H1,42.059000
35538130,35638129,100000,H1,43.120000
35638130,35738129,100000,H1,43.828000
35738130,35838129,100000,H1,45.963000
35838130,35938129,100000,H1,43.051000
35938130,36038129,100000,H1,44.172000
36038130,36138129,100000,H1,45.898000
36138130,36238129,100000,H1,43.886000
36238130,36338129,100000,H1,42.601000
36338130,36438129,100000,H1,43.324000
36438130,36538129,100000,L2,40.440000
36538130,36638129,100000,L2,40.440000
36638130,36738129,100000,L2,40.910000
36738130,36838129,100000,L2,39.678000
36838130,36938129,100000,L2,40.849000
36938130,37038129,100000,L2,39.912000
37038130,37138129,100000,H1,42.019000
37138130,37238129,100000,H1,41.746000
37238130,37338129,100000,H1,41.419000
37338130,37438129,100000,H1,45.255000
37438130,37538129,100000,H1,45.046000
37538130,37638129,100000,H2,47.244000
37638130,37738129,100000,H1,44.637000
37738130,37838129,100000,H2,46.546000
37838130,37938129,100000,H2,46.682000
37938130,38038129,100000,H1,45.570000
38038130,38138129,100000,H2,49.060000
38138130,38238129,100000,H1,43.534000
38238130,38338129,100000,H1,44.041000
38338130,38438129,100000,H1,45.634000
38438130,38538129,100000,L2,38.386000
38538130,38638129,100000,H1,42.738000
38638130,38738129,100000,H1,41.939000
38738130,38838129,100000,L2,39.263000
38838130,38938129,100000,H1,41.815000
38938130,39038129,100000,H1,43.323000
39038130,39138129,100000,H1,45.520000
39138130,39238129,100000,H1,42.480000
39238130,39338129,100000,H1,42.781000
39338130,39438129,100000,H1,42.218000
39438130,39538129,100000,L2,40.179000
39538130,39638129,100000,L2,40.974000
39638130,39738129,100000,H1,43.327000
39738130,39838129,100000,H1,42.337000
39838130,39938129,100000,L2,39.941000
39938130,40038129,100000,H1,42.904000
40038130,40138129,100000,H1,43.307000
40138130,40238129,100000,H1,44.621000
40238130,40338129,100000,H1,44.125000
40338130,40438129,100000,H2,47.084000
40438130,40538129,100000,H1,45.484000
40538130,40638129,100000,L2,37.620000
40638130,40738129,100000,H1,42.349000
40738130,40838129,100000,H1,43.450000
40838130,40938129,100000,H1,41.783000
40938130,41038129,100000,H1,44.096000
41038130,41138129,100000,H1,43.847000
41138130,41238129,100000,H1,42.167000
41238130,41338129,100000,H1,43.560000
41338130,41438129,100000,H1,44.137000
41438130,41538129,100000,H1,42.392000
41538130,41638129,100000,H1,42.207000
41638130,41738129,100000,L2,39.365000
41738130,41838129,100000,L2,39.016000
41838130,41938129,100000,L2,40.024000
41938130,42038129,100000,L2,40.373000
42038130,42138129,100000,L2,40.787000
42138130,42238129,100000,H1,42.476000
42238130,42338129,100000,H1,41.212000
42338130,42438129,100000,H1,41.447000
42438130,42538129,100000,H1,45.146000
42538130,42638129,100000,H2,46.335000
42638130,42738129,100000,H1,43.998000
42738130,42838129,100000,H2,47.719000
42838130,42938129,100000,H2,47.900000
42938130,42955559,17430,H1,44.716007
42955560,43005559,50000,gap,
43005560,43105559,100000,H2,49.196000
43105560,43205559,100000,H2,50.705000
43205560,43305559,100000,H2,49.409000
43305560,43405559,100000,H2,48.195000
43405560,43505559,100000,H2,48.918000
43505560,43605559,100000,H2,50.619000
43605560,43705559,100000,H2,50.198000
43705560,43805559,100000,H2,50.267000
43805560,43905559,100000,H2,48.048000
43905560,44005559,100000,H2,48.605000
44005560,44105559,100000,H2,51.586000
44105560,44205559,100000,H2,50.774000
44205560,44305559,100000,H2,49.456000
44305560,44405559,100000,H2,47.622000
44405560,44505559,100000,H2,51.174000
44505560,44605559,100000,H2,49.890000
44605560,44632664,27105,H2,50.861465
44632665,44682664,50000,gap,
44682665,44782664,100000,H3,55.826000
44782665,44882664,100000,H3,57.531000
44882665,44982664,100000,H2,48.852000
44982665,45082664,100000,H1,43.829000
45082665,45182664,100000,H2,52.523000
45182665,45282664,100000,H3,53.965000
45282665,45382664,100000,H2,51.615000
45382665,45482664,100000,H2,48.593000
45482665,45582664,100000,H2,52.722000
45582665,45682664,100000,H3,55.837000
45682665,45782664,100000,H3,58.234000
45782665,45882664,100000,H3,54.166000
45882665,45982664,100000,H2,52.391000
45982665,46082664,100000,H2,48.870000
46082665,46182664,100000,H2,49.876000
46182665,46282664,100000,H2,50.491000
46282665,46382664,100000,H3,55.533000
46382665,46482664,100000,H3,56.015000
46482665,46582664,100000,H2,47.305000
46582665,46682664,100000,H1,45.031000
46682665,46782664,100000,H3,54.786000
46782665,46882664,100000,H3,57.120000
46882665,46982664,100000,H3,59.030000
46982665,47082664,100000,H2,49.150000
47082665,47182664,100000,H1,41.384000
47182665,47282664,100000,H2,48.103000
47282665,47382664,100000,H3,53.688000
47382665,47482664,100000,H3,54.584000
47482665,47582664,100000,H3,55.706000
47582665,47682664,100000,H2,50.180000
47682665,47782664,100000,H2,50.910000
47782665,47882664,100000,H2,51.565000
47882665,47982664,100000,H1,44.329000
47982665,48082664,100000,H1,43.869000
48082665,48119895,37231,H1,43.482582
48119896,48129895,10000,gap,
